image: gmapping_map.pgm
resolution: 0.500000
origin: [-1000.000000, -1000.000000, 0.000000]
negate: 0
occupied_thresh: 0.65
free_thresh: 0.196

